[(3, 2)]
f
[(2, 2)]
n
[(2, 2)]
lev
2
f
[(1, 2)]
n
[(1, 2)]
lev
3
f
[(0, 2)]
n
[(0, 2)]
lev
4
f
[(0, 1), (0, 3)]
n
[(0, 1), (0, 3)]
lev
6
f
[(0, 0), (0, 4)]
n
[(0, 0), (0, 4)]
lev
8
f
[(1, 0), (1, 4), (0, 5)]
n
[(1, 0), (1, 4), (0, 5)]
lev
11
f
[(2, 0), (2, 4), (1, 5), (0, 6)]
n
[(2, 0), (2, 4), (1, 5), (0, 6)]
lev
15
f
[(3, 0), (2, 5), (1, 6), (0, 7)]
n
[(3, 0), (2, 5), (1, 6), (0, 7)]
lev
19
f
[(4, 0), (2, 6), (1, 7)]
n
[(4, 0), (2, 6), (1, 7)]
lev
22
f
[(5, 0), (3, 6), (2, 7)]
n
[(5, 0), (3, 6), (2, 7)]
lev
25
f
[(5, 1), (3, 7)]
n
[(5, 1), (3, 7)]
lev
27
f
[(5, 2), (4, 7)]
n
[(5, 2), (4, 7)]
lev
29
f
[(5, 3), (5, 7)]
n
[(5, 3), (5, 7)]
lev
31
f
[(4, 3), (5, 6)]
n
[(4, 3), (5, 6)]
lev
33
f
[(4, 4), (5, 5)]
n
[(4, 4), (5, 5)]
lev
35
f
[(4, 5)]
n
[(4, 5)]
lev
36
f
[]
n
[]
lev
36
15
DDDRRRURR
